1970 63.0982
1971 65.1864
1972 67.2746
1973 69.3627
1974 71.4509
1975 73.5391
1976 75.6273
1977 77.7154
1978 79.8036
1979 81.8918
1980 83.98
1981 86.0681
1982 88.1563
1983 90.2445
1984 92.3326
1985 94.4208
1986 96.509
1987 98.5972
1988 100.685
1989 102.774
1990 104.862
1991 106.95
1992 109.038
1993 111.126
1994 113.214
1995 115.303
1996 117.391
1997 119.479
1998 121.567
1999 123.655
2000 125.743
2001 127.832
2002 129.92
2003 132.008
2004 134.096
2005 136.184
2006 138.272
2007 140.361
2008 142.449
2009 144.537
2010 146.625
2011 148.713
2012 150.801
2013 152.89
2014 154.978
2015 157.066
2016 159.154
2017 161.242
2018 163.331
2019 165.419
2020 167.507
2021 169.595
2022 171.683
2023 173.771
2024 175.86
2025 177.948
2026 180.036
2027 182.124
2028 184.212
2029 186.3
2030 188.389
