1970 63.098227272735585
1971 65.18640000000823
1972 67.27457272727997
1973 69.36274545455262
1974 71.45091818182527
1975 73.53909090909701
1976 75.62726363636966
1977 77.71543636364231
1978 79.80360909091496
1979 81.8917818181867
1980 83.97995454545935
1981 86.068127272732
1982 88.15630000000465
1983 90.24447272727639
1984 92.33264545454904
1985 94.42081818182169
1986 96.50899090909434
1987 98.59716363636608
1988 100.68533636363873
1989 102.77350909091138
1990 104.86168181818311
1991 106.94985454545576
1992 109.03802727272841
1993 111.12620000000106
1994 113.2143727272728
1995 115.30254545454545
1996 117.3907181818181
1997 119.47889090909075
1998 121.56706363636249
1999 123.65523636363514
2000 125.74340909090779
2001 127.83158181818044
2002 129.91975454545218
2003 132.00792727272483
2004 134.09609999999748
2005 136.18427272726922
2006 138.27244545454187
2007 140.36061818181452
2008 142.44879090908717
2009 144.5369636363589
2010 146.62513636363155
2011 148.7133090909042
2012 150.80148181817685
2013 152.8896545454486
2014 154.97782727272124
2015 157.0659999999939
2016 159.15417272726654
2017 161.24234545453828
2018 163.33051818181093
2019 165.41869090908358
2020 167.50686363635532
2021 169.59503636362797
2022 171.68320909090062
2023 173.77138181817327
2024 175.859554545445
2025 177.94772727271766
2026 180.0358999999903
2027 182.12407272726296
2028 184.2122454545347
2029 186.30041818180734
2030 188.38859090908
